best_fit_parameters:
  Jab: 5.756428765956725
  Jc: 4.306939231903401
  Kxx: 0.6628077542122094
  Kyy: 0.11701816692366468
