best_fit_parameters:
  J1: 1.0002381628614785
  J2: 0.2966752390976099
